5 3 19 7 15 18 2 16 17 6 11 9 12 8 1 13 14 10 4 0 
13 9 6 5 8 17 2 1 18 16 14 0 3 15 12 11 7 4 10 19 
16 7 17 10 13 14 8 1 0 3 19 12 15 18 5 2 4 11 6 9 
9 19 11 10 16 2 8 17 1 3 4 6 7 18 15 13 12 0 14 5 
7 10 2 3 6 14 12 9 11 0 18 15 13 4 8 5 1 19 16 17 
17 1 2 15 7 16 9 19 4 14 18 10 6 11 3 0 8 12 5 13 
12 9 18 2 4 19 13 7 5 11 8 10 1 16 17 15 3 0 14 6 
12 13 15 18 4 1 19 11 10 0 8 9 16 14 3 17 7 5 6 2 
15 11 7 6 4 9 17 16 13 0 19 8 14 1 2 18 12 5 3 10 
11 9 10 1 12 7 14 2 19 15 0 6 3 17 13 5 16 4 18 8 
6 4 9 2 16 13 7 17 18 5 11 8 12 3 10 19 0 1 15 14 
18 2 13 12 16 9 15 7 3 19 11 6 17 14 10 5 0 4 1 8 
14 15 18 13 2 0 10 8 12 7 3 16 6 1 4 19 9 5 11 17 
18 3 8 1 5 9 4 7 19 14 15 17 13 0 12 11 2 10 6 16 
6 5 10 1 2 4 15 19 13 7 12 0 8 16 9 11 17 18 3 14 
3 11 4 5 15 14 9 13 17 10 0 12 2 16 7 8 1 19 18 6 
4 5 15 11 7 12 18 14 10 0 2 9 19 8 16 6 17 1 3 13 
4 3 0 1 12 2 18 19 11 16 15 9 17 6 10 7 5 13 14 8 
7 0 6 3 15 14 5 4 10 18 13 11 1 16 17 8 2 9 19 12 
7 3 18 5 10 12 13 6 4 15 2 9 17 16 8 19 14 1 11 0 
11 1 10 12 19 18 3 17 7 13 0 5 6 15 8 4 14 9 2 16 
11 9 6 7 15 10 16 14 8 0 18 3 12 5 4 1 17 19 13 2 
16 18 12 19 11 0 13 4 9 17 1 2 5 7 6 8 3 14 15 10 
19 14 10 2 17 5 9 11 3 8 4 13 7 12 0 6 16 18 15 1 
4 19 3 10 18 5 15 16 9 1 12 11 2 14 17 0 13 7 8 6 
2 12 19 17 18 4 8 11 7 0 14 15 10 6 3 5 1 13 16 9 
10 6 14 4 12 16 11 17 0 13 18 9 15 19 1 2 7 5 3 8 
16 11 2 7 6 4 9 12 19 18 0 5 3 1 17 8 14 15 10 13 
19 0 6 9 10 7 5 14 12 17 18 3 2 11 15 8 13 4 1 16 
18 8 2 12 17 9 10 16 14 4 5 13 7 0 15 19 6 1 3 11 
19 15 10 11 4 1 14 2 8 12 5 17 18 16 7 9 6 0 13 3 
4 17 3 16 12 0 5 14 11 2 7 1 9 10 6 18 19 13 15 8 
12 10 15 0 2 7 19 16 4 17 8 1 14 11 6 13 9 5 3 18 
9 19 8 10 17 14 2 4 11 5 16 1 7 0 18 12 13 3 6 15 
17 5 9 11 12 1 14 18 3 4 6 0 15 19 10 8 13 16 7 2 
11 1 19 17 18 4 13 10 6 0 5 12 9 8 15 2 7 3 16 14 
6 4 9 15 11 5 8 2 14 17 3 13 0 7 16 1 12 19 10 18 
18 13 0 5 15 1 7 11 12 6 14 2 8 4 17 9 19 3 10 16 
17 4 13 5 6 15 3 12 19 9 10 14 2 16 8 18 11 7 1 0 
16 3 9 1 15 12 14 11 8 2 7 5 13 10 18 6 19 17 0 4 
14 7 2 13 15 8 9 12 10 19 5 1 11 0 4 17 6 18 16 3 
16 14 1 17 13 8 2 5 15 12 18 9 10 3 7 0 4 19 11 6 
12 5 1 17 19 0 16 7 6 8 3 13 15 4 18 14 10 9 11 2 
17 3 19 5 18 11 13 15 2 12 14 16 4 9 10 6 1 8 7 0 
13 2 4 3 19 6 5 8 9 14 1 12 7 17 10 15 0 16 11 18 
2 10 18 6 3 19 5 15 16 8 11 17 14 12 4 1 13 0 9 7 
15 6 4 16 17 2 18 3 7 10 12 9 13 14 8 1 5 11 0 19 
0 6 18 5 19 15 3 1 2 9 10 8 13 4 11 12 14 17 7 16 
6 15 14 4 19 0 2 18 8 12 3 13 11 10 1 17 7 9 16 5 
17 7 5 14 4 13 1 16 8 15 18 12 6 3 11 0 10 19 2 9 
7 0 6 9 1 12 13 17 5 10 16 2 3 14 18 4 8 11 15 19 
4 19 7 6 9 12 13 3 16 18 15 2 10 8 14 11 0 17 1 5 
5 11 12 0 10 15 9 18 1 3 16 14 2 8 19 13 6 7 4 17 
0 11 6 19 1 2 10 7 8 5 17 14 13 9 3 15 18 4 12 16 
7 14 13 0 16 15 12 3 6 11 2 5 10 9 8 1 19 4 17 18 
15 11 0 1 5 4 7 17 2 6 3 9 10 16 12 13 19 18 14 8 
1 3 9 2 8 7 4 6 11 15 5 17 12 13 18 14 16 10 19 0 
14 0 17 13 15 3 9 5 7 8 4 19 6 12 1 16 18 10 11 2 
14 0 19 1 3 4 17 18 16 7 2 5 8 11 13 6 9 10 12 15 
6 13 16 14 9 17 18 0 3 15 8 10 19 1 7 4 11 2 12 5 
1 18 2 11 5 4 7 6 9 16 10 13 17 12 15 19 0 8 14 3 
16 2 17 8 0 7 14 19 4 11 3 6 5 13 1 9 10 15 18 12 
12 9 13 7 2 3 16 6 18 17 14 5 4 15 11 0 8 1 10 19 
12 4 6 8 1 14 3 2 16 10 15 0 5 13 18 7 19 17 9 11 
13 12 11 7 3 15 10 8 4 19 9 18 1 14 17 6 16 0 5 2 
14 9 1 5 11 15 2 12 6 19 7 10 13 8 0 3 16 17 18 4 
0 11 6 8 13 14 4 15 18 3 16 12 19 10 1 17 7 5 2 9 
6 0 10 7 13 17 14 1 12 18 8 9 11 16 5 2 3 19 15 4 
18 12 15 11 0 13 1 7 2 6 8 14 19 16 10 17 9 3 5 4 
15 13 6 17 8 1 4 11 16 7 18 14 0 10 3 19 5 9 12 2 
2 13 9 1 6 17 7 0 14 3 12 4 19 18 8 11 5 10 16 15 
4 18 10 19 15 8 12 2 17 5 3 6 1 0 7 13 11 9 14 16 
5 11 14 12 9 2 4 15 10 16 8 18 7 0 13 1 17 6 19 3 
18 16 14 4 8 11 1 15 6 0 3 5 7 17 9 13 12 19 2 10 
3 14 4 12 0 19 16 15 13 17 11 5 2 6 9 18 1 7 8 10 
3 7 15 10 14 6 9 17 2 12 1 16 8 11 4 13 19 5 0 18 
4 18 16 8 12 3 0 17 7 5 1 10 19 13 9 2 11 6 14 15 
13 18 0 15 4 10 1 17 2 5 9 14 12 8 16 19 11 3 6 7 
9 8 18 13 12 0 5 19 2 1 15 7 14 6 11 16 4 17 10 3 
9 13 0 15 6 10 1 14 12 19 7 4 5 17 2 8 16 18 3 11 
1 14 6 18 13 9 17 0 2 19 5 8 15 7 16 4 12 10 11 3 
19 15 7 0 6 12 11 1 14 13 17 5 9 3 10 4 16 8 2 18 
19 4 2 14 12 5 9 1 11 13 8 18 3 10 7 16 0 17 15 6 
14 8 11 15 7 13 10 5 17 6 19 2 18 12 0 9 1 16 3 4 
8 16 10 11 6 14 13 15 19 0 17 5 2 7 1 12 9 4 3 18 
15 16 2 3 8 18 9 6 5 4 19 11 1 12 14 10 13 7 0 17 
9 12 15 11 3 17 6 4 1 14 7 2 5 0 19 13 18 8 10 16 
7 9 11 10 12 3 16 4 13 5 2 19 14 17 15 8 6 18 0 1 
10 15 8 7 9 14 17 6 19 12 13 16 0 1 11 5 4 18 3 2 
16 1 6 4 0 5 13 15 12 18 9 10 19 2 8 11 7 3 17 14 
4 17 12 0 10 15 13 14 6 8 18 3 7 5 11 16 9 2 1 19 
7 3 11 13 12 6 8 10 15 9 14 1 19 18 2 17 16 0 4 5 
17 0 5 7 4 18 10 9 14 19 1 13 2 16 11 12 8 3 15 6 
1 19 11 5 0 4 13 2 17 3 8 15 7 9 16 10 12 14 6 18 
5 11 13 16 7 4 12 10 15 1 6 17 2 3 9 18 19 14 8 0 
19 14 11 4 10 7 18 2 0 3 6 12 15 5 8 17 9 16 13 1 
3 1 15 10 9 12 17 2 18 5 16 13 4 6 14 0 19 8 7 11 
9 15 16 7 14 18 1 2 3 0 13 4 8 6 5 17 10 11 12 19 
10 8 9 12 19 2 5 4 18 16 7 13 17 14 6 15 11 1 3 0 
16 17 11 7 3 4 12 2 13 15 14 9 18 5 8 10 6 19 1 0 
19 14 15 13 3 17 10 4 12 8 18 7 6 11 5 1 9 0 16 2 
18 4 14 6 11 0 10 12 13 2 3 16 7 9 15 1 8 17 5 19 
11 17 19 6 4 9 0 14 12 18 16 5 7 15 2 1 3 8 13 10 
11 16 4 7 2 17 15 12 8 14 9 3 6 1 5 13 0 10 18 19 
10 5 7 15 4 14 13 11 17 9 0 3 8 18 2 6 16 19 1 12 
10 16 0 12 19 17 2 1 4 8 18 15 5 6 11 13 9 14 7 3 
14 4 13 19 0 2 16 8 5 3 18 9 11 12 6 1 10 15 7 17 
2 3 11 1 17 9 13 18 4 6 8 14 19 0 7 12 5 10 15 16 
6 7 17 11 13 10 8 12 9 3 5 19 14 15 18 2 16 1 4 0 
14 19 18 17 1 15 0 12 7 10 8 9 11 13 4 5 2 16 3 6 
17 14 6 8 0 19 7 4 16 3 13 2 10 15 12 11 9 1 5 18 
16 18 5 12 17 6 0 7 19 1 15 2 8 3 13 11 14 10 4 9 
12 9 10 7 6 13 8 11 17 5 2 18 4 14 3 0 19 15 16 1 
15 11 1 7 10 16 6 5 13 18 8 19 9 2 12 0 17 4 3 14 
10 14 4 13 9 19 11 15 0 1 18 16 8 7 2 12 6 3 5 17 
10 5 13 8 19 11 15 18 17 0 7 6 16 4 14 1 9 2 3 12 
4 17 1 2 15 5 19 18 10 0 12 7 3 14 9 8 16 13 6 11 
11 15 2 12 14 9 13 16 19 10 3 7 1 6 0 5 18 17 8 4 
4 18 1 14 6 10 5 7 15 9 2 3 17 8 0 19 12 13 11 16 
8 13 0 10 3 15 5 14 6 18 7 17 1 12 16 11 9 2 19 4 
