4 9 18 26 15 1 28 5 16 21 12 23 25 6 11 3 17 14 27 8 2 13 24 10 29 0 20 22 19 7 
15 8 20 14 2 27 16 13 29 9 21 1 25 3 26 0 28 24 22 10 5 12 18 6 17 11 7 4 19 23 
1 7 8 2 20 18 16 22 29 11 4 19 10 17 15 12 28 27 26 21 5 14 24 13 3 9 0 6 23 25 
15 11 17 29 12 16 26 20 28 14 8 3 10 7 1 18 5 27 9 24 2 21 4 13 25 19 23 6 0 22 
7 0 15 16 11 12 27 14 17 23 29 10 26 13 18 21 2 20 8 19 6 3 5 9 1 24 4 25 22 28 
17 29 10 21 27 11 19 20 15 7 25 6 4 9 14 5 8 26 12 22 23 1 0 18 13 24 3 2 28 16 
14 0 22 20 5 4 21 19 29 13 18 23 12 10 11 25 26 17 24 3 16 9 1 6 8 27 28 2 15 7 
1 26 19 22 28 25 21 4 10 5 20 29 9 12 18 6 27 24 13 8 23 15 7 0 3 11 16 2 14 17 
10 13 11 7 2 27 22 16 17 20 4 24 21 28 15 1 26 6 12 18 3 23 25 8 19 0 9 14 29 5 
22 20 23 17 15 6 12 3 27 13 0 16 1 24 26 8 11 9 25 21 10 4 2 5 18 19 14 28 7 29 
26 17 27 24 21 13 25 22 8 23 14 4 10 7 12 5 0 9 16 20 6 28 19 18 11 2 29 15 1 3 
14 3 20 19 6 5 7 9 12 29 21 13 18 15 8 16 23 2 26 28 17 1 22 0 25 10 24 27 4 11 
23 13 22 5 27 4 9 12 0 16 25 6 8 28 20 18 29 3 15 7 2 17 1 24 19 14 11 26 10 21 
28 13 12 3 29 11 4 22 10 9 5 26 14 20 8 15 7 16 6 2 18 19 27 0 24 23 1 21 17 25 
12 27 10 15 2 18 4 8 16 11 3 25 9 14 24 7 22 29 1 5 28 0 23 21 26 20 13 19 6 17 
19 0 22 16 23 3 25 10 1 17 15 21 14 26 5 27 28 20 11 7 24 8 4 9 6 29 2 13 18 12 
11 22 17 23 5 10 13 9 21 14 15 8 28 19 1 7 24 27 25 0 12 4 26 6 3 18 16 20 29 2 
29 7 3 1 27 24 16 28 8 26 20 17 6 5 0 4 18 14 19 21 2 15 23 10 25 12 13 11 22 9 
10 7 5 22 3 23 8 0 16 19 2 4 15 27 11 25 21 12 6 13 28 14 1 20 9 26 24 29 18 17 
23 1 7 14 13 16 25 9 12 3 29 11 5 19 4 24 8 26 15 10 2 28 20 22 6 21 18 27 0 17 
18 14 3 15 9 12 2 26 28 11 7 19 17 25 4 10 5 16 21 29 24 20 27 22 23 6 13 8 0 1 
29 28 8 20 12 18 21 5 19 4 0 16 25 7 22 3 17 10 9 13 2 15 26 1 24 27 6 14 23 11 
12 18 5 8 29 0 7 2 24 21 20 4 26 22 11 27 16 13 6 1 3 10 17 19 25 9 15 23 28 14 
22 16 17 19 4 29 10 2 25 15 8 9 3 1 7 23 6 13 11 5 18 21 0 20 27 24 28 14 12 26 
23 21 19 3 22 24 2 25 10 1 28 5 14 7 17 13 12 16 11 18 15 29 6 0 26 27 9 4 8 20 
15 12 3 17 16 7 28 19 14 25 23 10 1 24 4 21 5 8 2 20 22 0 13 29 9 11 26 6 18 27 
17 1 20 13 27 2 8 22 19 16 6 9 18 11 24 4 14 12 15 26 10 3 23 5 25 0 28 7 21 29 
5 19 14 13 1 11 10 7 27 16 9 15 0 21 24 6 18 26 2 22 4 29 3 17 25 12 8 20 28 23 
10 3 16 27 15 12 19 5 13 8 1 2 4 24 29 28 23 6 26 25 22 20 17 9 21 18 0 7 11 14 
18 27 25 3 21 28 8 9 0 10 11 4 6 29 23 17 22 7 19 26 16 20 1 5 12 24 14 15 2 13 
9 25 15 8 11 20 27 13 10 7 6 5 17 4 29 26 1 23 2 3 21 12 16 14 28 18 0 22 19 24 
1 0 7 9 16 27 18 28 12 29 22 23 14 15 5 21 4 13 3 11 20 8 26 17 6 25 19 24 2 10 
3 23 8 21 15 19 7 20 16 27 1 0 17 4 9 18 25 14 11 10 24 22 26 29 12 2 6 28 13 5 
4 28 8 23 0 25 10 9 1 13 6 5 3 24 18 17 14 16 21 29 7 22 26 15 11 2 27 19 12 20 
18 12 22 3 20 26 15 17 24 2 16 10 7 5 14 8 9 28 19 27 11 23 25 21 13 1 0 6 4 29 
6 0 1 19 5 11 29 15 8 2 4 3 17 25 9 22 28 10 26 23 21 7 12 16 13 20 14 18 24 27 
13 25 4 26 15 29 16 21 1 7 24 6 11 12 27 18 9 0 10 17 19 2 23 28 22 5 3 14 8 20 
3 25 23 19 1 13 11 4 20 10 14 22 28 27 21 9 16 12 2 29 18 8 7 26 24 0 17 5 15 6 
9 13 26 11 17 5 20 18 23 19 25 16 3 15 29 28 24 22 14 6 27 2 7 8 0 12 21 4 10 1 
26 12 11 2 23 13 27 21 1 14 6 28 8 22 7 25 24 18 4 19 0 17 10 5 16 20 15 9 29 3 
11 21 23 29 28 0 17 1 20 26 7 10 24 12 16 5 8 19 6 4 27 2 18 25 3 22 14 15 13 9 
20 17 13 0 9 4 6 14 29 18 3 22 10 5 21 25 11 27 19 15 16 26 8 24 23 7 2 28 12 1 
3 21 11 25 27 4 12 23 26 7 14 15 1 28 18 9 20 0 22 13 2 24 16 10 5 29 8 6 19 17 
16 25 12 15 18 24 13 22 9 0 5 27 26 7 21 20 1 6 8 23 10 3 17 4 29 19 11 14 2 28 
9 19 8 28 0 2 29 7 23 20 14 11 22 17 26 16 3 12 5 18 6 21 27 10 25 4 1 15 24 13 
6 5 19 29 13 27 23 24 26 18 1 16 25 0 17 28 10 3 2 7 11 4 9 12 15 14 21 8 20 22 
3 1 9 5 19 16 25 7 8 11 28 17 18 12 26 21 2 14 27 15 23 0 24 10 22 4 13 29 6 20 
27 26 9 14 23 16 13 24 17 18 22 15 1 25 28 5 19 12 6 20 7 4 11 2 29 8 3 10 21 0 
3 2 4 16 29 9 19 24 6 14 25 11 12 28 22 21 1 0 13 7 26 17 23 20 15 18 10 27 8 5 
8 3 7 10 18 14 23 16 0 11 25 13 28 9 19 24 15 2 12 6 22 21 20 29 26 17 1 4 27 5 
3 16 6 19 22 9 18 29 1 10 25 15 8 5 2 0 23 20 27 26 13 12 24 14 4 28 17 21 7 11 
27 13 20 1 18 3 17 23 22 9 4 14 0 21 26 25 5 10 8 15 7 16 11 24 19 2 29 28 12 6 
16 21 19 17 13 18 1 9 5 6 8 22 25 28 0 15 23 29 24 12 20 14 11 26 2 27 3 7 4 10 
18 14 17 6 25 24 16 19 13 7 2 15 29 1 20 23 0 8 10 21 27 5 26 3 28 9 22 12 4 11 
27 14 3 13 1 7 24 17 16 0 18 8 4 26 12 2 6 21 29 9 5 19 11 22 28 25 15 20 10 23 
15 12 13 0 22 7 26 20 6 16 1 28 21 8 4 2 18 10 19 3 11 5 23 9 17 14 25 27 24 29 
26 7 13 2 9 17 23 11 3 16 25 10 8 6 28 29 1 14 20 4 18 19 24 21 15 27 22 12 5 0 
20 4 9 18 5 26 6 13 11 21 0 14 1 17 7 23 25 3 2 27 19 12 28 16 29 10 22 15 8 24 
12 28 18 3 16 19 29 24 14 4 6 21 11 2 27 15 13 0 26 25 5 23 8 22 7 20 9 1 17 10 
0 7 16 26 28 2 17 27 12 5 13 25 1 29 18 14 11 22 24 6 4 8 19 3 9 21 23 20 10 15 
19 12 5 28 7 15 11 24 9 6 25 13 3 10 27 26 4 8 2 0 16 20 18 1 22 17 14 29 23 21 
24 14 5 10 27 19 15 7 12 28 8 18 4 1 0 22 2 3 26 6 29 11 17 9 20 21 16 13 23 25 
8 19 5 28 15 23 18 7 24 2 4 27 26 10 17 20 13 14 3 6 1 21 0 11 16 12 22 9 25 29 
16 28 23 20 24 9 4 7 0 17 25 26 15 22 3 5 1 6 21 14 18 12 27 29 11 8 10 13 19 2 
24 25 6 4 22 16 21 10 28 11 18 29 23 12 20 5 13 19 7 3 9 2 26 1 15 14 27 0 8 17 
9 2 14 20 27 18 0 11 13 5 4 29 26 23 15 21 12 10 7 3 17 28 25 1 6 19 16 8 24 22 
23 4 18 9 2 21 0 7 15 20 27 22 13 10 26 16 6 1 8 17 14 3 11 12 25 24 28 29 19 5 
2 5 4 13 18 12 27 22 0 16 6 10 29 7 25 26 8 23 19 9 14 11 17 20 3 1 15 24 21 28 
20 25 26 0 19 28 12 3 15 27 7 13 8 24 22 17 29 18 6 9 2 23 14 4 5 11 16 10 21 1 
10 8 12 6 11 5 0 15 21 1 4 2 27 26 17 19 14 29 9 28 22 7 20 16 23 25 13 3 18 24 
0 8 11 29 21 7 27 1 25 26 5 22 15 19 12 9 17 18 16 3 6 28 24 14 4 13 10 20 23 2 
26 29 8 27 4 11 22 18 6 7 3 13 24 20 23 25 21 19 5 12 17 10 16 14 15 9 1 2 0 28 
0 10 16 7 24 19 8 23 18 13 9 20 25 14 26 29 3 22 28 4 11 2 27 5 21 15 17 6 12 1 
28 13 8 2 19 17 9 24 21 7 6 15 26 1 12 25 5 27 10 14 20 18 3 23 22 16 29 0 4 11 
24 29 6 20 0 8 19 4 12 1 22 26 21 2 10 17 13 14 15 16 25 18 27 9 7 3 28 11 5 23 
10 16 18 14 19 23 11 1 17 27 28 0 5 25 22 8 15 9 6 2 24 21 13 29 3 26 20 7 4 12 
27 1 29 28 24 23 3 4 13 2 12 26 19 25 5 16 14 11 9 17 15 8 7 0 20 10 6 22 18 21 
29 24 3 10 28 2 27 15 18 14 11 22 16 0 19 7 4 13 20 23 21 6 1 17 25 26 12 8 5 9 
20 1 11 17 29 22 7 19 28 21 8 5 4 18 23 6 25 26 0 14 24 13 9 16 12 2 3 27 15 10 
15 22 13 28 3 14 10 29 16 24 26 17 2 21 27 5 7 9 19 1 12 8 20 23 4 18 11 0 25 6 
20 27 4 1 17 3 2 5 25 8 7 22 16 0 15 13 10 6 11 24 12 14 19 18 28 23 29 9 21 26 
15 1 10 9 24 23 29 12 19 21 13 25 18 7 28 3 16 27 20 26 11 5 2 0 22 8 4 6 14 17 
2 16 1 21 25 27 12 14 18 17 15 28 24 22 6 29 19 7 8 26 23 11 20 9 4 5 0 13 10 3 
27 12 28 3 11 7 17 26 19 14 2 20 21 22 1 8 9 13 18 23 29 25 16 0 24 15 5 6 4 10 
28 24 13 15 21 10 2 17 20 29 3 26 19 7 8 18 14 9 16 25 5 12 1 27 0 23 6 4 22 11 
21 11 9 28 12 8 22 20 6 7 19 13 15 29 14 5 24 27 4 25 16 1 3 2 18 17 10 0 23 26 
9 7 13 15 19 10 5 8 18 6 11 26 3 0 17 29 16 24 20 14 25 4 12 22 27 21 28 1 23 2 
29 28 4 25 11 17 16 6 26 18 9 12 20 19 22 15 14 2 3 23 21 13 10 1 24 8 27 5 0 7 
0 18 1 16 7 11 10 26 3 23 6 5 25 17 4 27 9 12 8 28 20 14 13 15 19 21 29 2 22 24 
20 15 13 27 16 9 17 14 0 11 5 21 1 6 3 25 28 10 8 29 24 7 22 26 19 18 2 12 23 4 
9 26 29 27 24 22 23 0 4 10 8 1 13 3 14 20 19 16 11 18 12 28 15 17 7 5 25 6 2 21 
11 23 0 12 15 14 9 6 21 16 27 2 18 22 5 7 26 28 13 10 1 17 3 20 25 19 24 4 8 29 
14 13 22 27 15 3 20 29 16 28 6 9 21 7 12 24 8 1 19 5 26 0 17 25 4 10 23 2 11 18 
4 11 14 3 18 7 20 27 26 17 13 0 2 16 12 24 6 21 23 29 1 25 19 9 28 5 22 15 10 8 
4 1 18 9 28 25 14 3 21 15 11 24 8 0 17 7 26 16 5 10 12 23 13 22 19 29 2 6 27 20 
18 16 25 28 3 23 4 10 11 6 27 9 8 7 17 0 15 22 24 26 20 21 29 12 5 2 19 1 14 13 
28 5 18 0 4 19 14 8 23 26 11 29 16 12 1 6 27 22 3 17 13 21 9 24 25 15 7 10 20 2 
9 23 8 7 20 14 12 22 11 5 15 25 16 24 4 17 2 0 3 10 13 19 6 27 29 28 26 1 18 21 
15 24 9 7 8 21 19 27 11 10 3 2 28 22 0 29 13 17 4 14 1 12 16 18 25 26 5 23 20 6 
28 15 19 6 4 8 9 21 17 16 11 1 13 27 22 25 26 2 12 0 20 10 3 24 18 7 23 14 29 5 
2 20 14 17 3 28 1 11 8 0 5 29 15 7 25 18 9 13 27 10 24 12 21 4 6 23 22 26 19 16 
9 6 29 18 5 12 17 10 24 23 1 21 4 20 8 15 27 26 19 2 7 3 14 11 28 13 22 0 16 25 
19 11 20 28 27 14 18 0 22 21 7 17 10 24 9 13 2 16 12 29 25 4 5 26 1 8 3 15 23 6 
16 2 10 6 4 22 17 11 26 0 23 7 14 18 3 24 15 19 27 29 5 8 20 21 28 12 9 1 25 13 
24 23 17 12 5 21 11 2 28 13 16 10 0 26 25 27 22 8 19 20 1 15 6 3 18 14 7 29 9 4 
0 13 24 8 27 3 25 28 5 12 26 20 15 16 18 10 14 2 9 19 29 23 11 4 1 22 21 17 7 6 
17 29 11 1 13 18 2 14 10 24 23 4 8 3 5 19 26 9 22 12 7 21 0 16 28 25 6 27 15 20 
21 18 5 27 23 14 19 20 28 6 10 17 25 13 15 22 8 0 4 26 29 12 1 9 16 7 11 2 3 24 
23 7 9 5 11 4 20 25 8 2 26 3 28 27 15 24 1 21 17 12 0 14 6 18 22 29 19 13 10 16 
15 16 28 0 27 20 21 14 17 18 24 6 4 13 19 25 2 11 1 22 26 12 3 8 9 29 23 5 7 10 
17 7 21 29 22 0 2 5 24 19 27 28 1 10 13 20 9 15 11 3 16 25 6 8 23 4 26 14 18 12 
25 24 23 13 6 1 12 26 16 14 7 5 17 9 8 20 27 18 0 29 15 3 11 28 22 4 21 19 2 10 
12 21 10 3 20 28 14 22 29 5 17 23 19 4 27 15 1 2 13 8 11 18 9 24 25 26 16 6 0 7 
23 7 16 11 9 15 12 0 6 18 21 19 24 3 2 17 20 8 14 29 5 13 10 1 4 26 28 27 22 25 
15 12 5 3 20 23 7 26 8 27 18 24 19 10 21 16 9 17 14 0 2 29 28 25 4 6 13 22 1 11 
5 22 4 18 13 19 27 6 26 25 11 9 20 17 2 16 15 1 0 8 3 7 23 12 24 10 28 14 29 21 
6 18 26 10 1 4 13 25 7 27 29 11 19 2 14 21 22 24 15 8 9 12 28 16 23 17 0 3 5 20 
26 5 3 15 9 21 7 18 14 23 8 24 2 12 16 1 28 0 22 13 17 29 6 25 10 11 27 20 4 19 
16 10 18 1 20 2 24 5 26 4 13 22 23 19 3 28 15 14 9 7 0 11 12 8 17 6 29 21 25 27 
3 14 13 29 28 26 5 1 10 0 23 21 17 7 18 19 16 8 24 27 4 20 12 22 9 2 25 15 6 11 
