9 1 22 4 26 21 15 18 16 0 25 29 23 7 5 20 19 2 8 17 6 13 14 3 12 27 11 24 10 28 
23 11 27 13 12 18 25 1 29 19 6 4 0 9 16 15 26 21 7 3 28 17 2 8 22 24 10 14 20 5 
1 13 22 16 26 17 10 28 11 9 6 23 8 19 24 7 29 12 2 25 14 4 5 20 0 18 15 21 3 27 
29 26 22 1 2 13 18 27 25 14 15 10 9 6 8 12 19 0 20 4 3 24 11 28 21 23 16 7 5 17 
25 9 16 1 14 15 23 17 8 27 22 28 0 26 10 12 11 4 19 20 18 5 29 13 7 2 6 3 21 24 
27 26 12 0 11 28 5 13 4 19 15 21 8 23 3 17 10 25 2 1 22 9 18 16 14 20 24 7 6 29 
22 2 19 26 24 11 1 28 10 18 3 14 29 17 5 0 25 6 9 13 20 15 27 12 8 23 16 21 4 7 
0 14 19 16 13 23 4 15 2 10 22 26 7 3 28 18 27 8 25 24 21 11 1 5 17 6 20 12 29 9 
27 19 3 22 18 8 15 13 6 9 7 21 25 29 24 0 10 20 28 2 17 1 11 4 26 14 5 23 12 16 
21 16 18 7 27 10 26 1 29 13 12 4 20 28 6 23 5 19 0 15 24 11 22 17 14 9 25 2 8 3 
14 8 27 10 21 6 28 13 22 23 19 1 26 3 11 0 15 9 7 5 16 25 29 4 24 18 2 17 20 12 
10 14 13 16 3 8 22 4 19 21 7 27 15 24 28 5 18 6 23 29 17 1 9 20 26 2 12 0 11 25 
20 3 17 8 18 9 22 0 14 27 5 12 15 11 26 10 4 24 28 21 19 1 23 16 29 2 25 7 13 6 
19 18 20 24 14 25 2 4 22 15 12 29 23 9 0 1 27 5 11 7 16 13 26 6 28 3 17 8 21 10 
1 15 18 17 13 20 27 19 2 25 10 6 24 22 29 3 0 5 7 4 26 16 12 11 23 21 8 9 28 14 
24 19 1 9 0 14 20 18 4 16 7 11 17 26 23 10 21 13 25 5 22 3 15 6 28 2 29 12 8 27 
8 25 6 17 15 4 22 1 21 20 2 14 5 28 13 18 9 10 12 24 3 26 7 16 19 23 0 11 27 29 
12 2 28 22 14 26 6 5 0 1 19 27 23 24 18 8 16 9 11 13 15 10 3 29 17 21 4 20 7 25 
13 20 25 0 28 21 27 8 1 14 26 29 11 16 7 23 18 9 6 4 17 12 2 5 10 22 19 24 15 3 
21 4 3 16 5 26 23 6 14 28 15 2 11 22 7 25 10 13 20 1 9 8 19 17 18 29 12 24 0 27 
24 22 18 7 0 23 28 8 2 3 29 11 20 27 6 25 16 14 10 17 5 26 9 12 4 1 13 15 19 21 
17 24 20 4 10 12 3 1 8 27 7 14 18 15 2 19 16 23 13 9 5 0 28 21 29 25 6 26 22 11 
27 8 18 20 13 0 26 15 21 5 24 11 28 19 23 25 10 4 6 7 16 1 9 17 14 29 22 3 2 12 
10 3 7 1 13 5 25 19 22 26 12 17 24 28 18 11 6 23 4 2 8 21 9 27 0 14 20 29 15 16 
7 23 14 27 25 26 19 16 21 1 13 10 0 8 11 22 29 3 12 17 2 6 5 9 15 18 24 20 4 28 
3 6 21 11 27 2 10 13 7 25 24 8 9 1 4 17 12 5 16 20 26 18 19 15 28 0 23 14 22 29 
26 25 0 12 15 18 1 11 2 9 24 23 19 10 20 29 14 5 3 27 17 28 6 4 13 21 7 8 16 22 
4 26 10 23 21 3 11 20 17 16 18 13 7 6 0 22 1 25 12 27 29 19 14 24 28 8 15 9 5 2 
12 22 4 24 0 15 3 21 19 25 27 6 26 1 8 2 11 7 10 16 29 28 14 13 5 20 17 9 18 23 
6 21 27 25 10 12 18 26 23 3 16 19 9 20 15 11 24 13 5 1 17 14 22 4 0 2 7 8 29 28 
7 3 6 25 8 14 12 16 26 19 24 0 28 10 9 20 5 13 21 22 1 15 23 2 29 11 4 27 17 18 
8 12 18 9 14 1 28 3 17 13 16 20 0 4 5 22 11 15 10 19 29 7 21 24 26 27 23 6 25 2 
10 21 14 23 2 3 11 26 13 5 7 17 29 19 12 22 6 16 28 27 1 15 8 9 24 20 25 4 0 18 
16 28 5 25 2 0 29 8 17 27 20 26 18 4 9 24 12 10 7 13 6 11 23 1 3 19 14 22 21 15 
29 10 11 14 24 9 16 18 25 15 3 1 4 8 0 13 28 26 21 7 19 12 2 23 6 20 17 22 27 5 
7 4 28 3 0 27 10 14 12 19 8 1 22 5 6 21 25 17 13 26 2 9 11 18 20 16 15 23 24 29 
8 19 22 5 25 2 29 9 3 24 28 18 15 14 13 17 27 26 23 1 21 10 20 4 6 7 0 11 16 12 
15 10 7 29 28 8 4 23 12 9 24 6 21 18 13 11 14 17 22 20 3 27 2 26 25 1 19 0 16 5 
8 18 16 21 17 26 23 27 12 4 1 25 24 19 14 0 29 5 3 7 15 22 28 10 20 11 9 6 2 13 
17 5 6 20 18 1 25 29 19 15 9 10 23 0 22 11 3 26 24 14 13 4 7 21 27 16 12 8 2 28 
19 12 23 5 26 28 4 16 10 25 18 27 8 20 3 15 22 0 2 21 7 9 24 6 1 13 14 29 11 17 
25 4 8 0 1 9 2 23 22 17 27 26 16 3 6 11 21 29 10 19 28 18 12 7 13 14 20 15 24 5 
18 22 15 13 27 0 1 10 3 28 24 16 7 21 12 4 19 26 20 5 14 8 9 29 23 17 11 6 2 25 
22 17 13 9 23 10 19 15 29 6 14 27 1 2 5 3 16 26 12 0 24 25 21 20 11 4 7 28 8 18 
20 13 7 5 26 16 4 14 1 22 11 15 8 21 24 3 12 23 0 27 29 6 2 28 19 10 25 9 18 17 
15 28 5 24 25 4 29 9 19 18 1 22 6 27 16 11 12 21 8 13 14 20 3 23 0 10 7 26 17 2 
0 13 9 18 17 19 15 25 14 5 1 23 8 21 6 7 22 11 2 24 16 3 4 12 26 10 20 28 27 29 
28 2 1 19 25 11 7 12 8 24 13 0 16 5 14 20 29 23 17 10 21 26 6 3 4 27 9 22 15 18 
10 29 26 6 11 5 4 17 22 18 3 24 0 7 19 27 28 8 15 13 14 25 9 1 2 21 20 23 16 12 
12 7 28 6 17 18 13 2 15 5 4 16 24 23 29 20 1 19 3 9 25 26 27 21 14 22 0 11 10 8 
26 20 8 4 28 6 10 12 0 7 16 17 18 19 15 9 13 2 23 27 14 29 25 11 22 24 5 3 21 1 
24 18 7 26 17 1 15 19 8 9 28 4 11 3 29 6 16 5 27 13 10 21 25 2 0 22 14 20 23 12 
25 29 17 27 21 2 15 13 3 28 8 19 23 22 14 4 11 18 5 26 24 20 9 6 0 12 1 7 16 10 
10 0 23 14 7 17 11 26 24 6 25 15 16 9 29 18 3 27 21 1 4 2 12 28 5 22 19 8 13 20 
5 18 20 14 11 8 15 19 0 2 7 9 1 25 28 13 4 27 24 22 6 3 16 10 23 12 21 26 29 17 
10 25 15 16 2 28 23 24 19 8 6 12 11 9 14 4 0 13 5 1 17 7 20 29 22 18 26 27 21 3 
27 19 25 9 3 1 22 23 15 14 18 6 21 16 26 11 7 29 12 17 28 8 13 4 0 10 2 24 20 5 
20 10 13 18 17 21 11 27 7 8 3 26 29 6 12 22 28 15 5 23 19 9 1 16 14 24 2 4 25 0 
2 0 11 25 8 29 1 22 6 24 12 14 21 3 7 16 20 26 15 17 18 13 10 5 9 27 28 23 4 19 
14 0 16 20 11 1 24 26 18 4 3 21 15 12 22 25 2 17 6 28 5 7 27 29 8 9 13 19 23 10 
16 18 15 20 10 19 8 6 13 23 12 26 1 24 4 27 11 7 5 2 14 0 28 22 29 17 21 25 9 3 
23 18 24 3 15 7 1 22 0 4 6 2 5 26 17 9 10 16 14 28 8 27 19 12 29 20 11 21 25 13 
12 29 2 23 8 5 20 18 24 9 17 16 4 26 10 14 19 25 3 1 27 13 6 28 21 15 0 11 22 7 
7 23 25 5 29 12 9 2 16 6 18 20 0 17 3 15 4 14 13 24 27 26 22 19 1 21 28 11 10 8 
23 16 22 25 21 6 18 29 2 20 9 13 27 28 19 0 10 1 17 8 7 15 11 12 24 14 5 4 3 26 
20 0 23 8 11 29 28 21 24 2 16 7 9 5 3 4 25 22 12 14 1 17 10 15 19 13 6 26 18 27 
15 20 5 21 2 23 17 1 19 27 29 18 11 28 22 14 0 4 25 24 26 12 6 7 8 13 10 3 9 16 
3 29 11 9 24 16 25 13 22 6 4 19 26 1 17 8 2 5 21 20 7 15 12 28 0 27 18 14 23 10 
14 4 25 10 24 11 27 13 26 3 18 9 29 23 16 1 5 7 12 20 8 0 19 21 15 22 28 17 2 6 
15 20 17 13 7 24 10 8 25 12 16 5 18 28 3 9 29 1 2 23 21 0 14 11 19 26 6 22 4 27 
13 21 28 22 24 14 6 1 19 9 18 20 15 10 5 17 25 11 26 27 16 3 29 12 0 2 4 7 23 8 
6 1 22 16 15 13 2 21 24 7 19 9 26 10 29 20 17 28 0 14 12 27 4 25 11 3 23 5 18 8 
11 5 1 19 20 25 13 0 26 7 18 27 3 16 24 14 22 9 29 12 8 10 4 17 6 15 21 23 2 28 
29 28 18 1 25 3 14 4 17 19 21 23 27 8 2 24 9 15 5 12 0 26 7 16 13 6 10 22 11 20 
14 19 9 13 20 3 2 4 28 1 15 27 25 26 18 17 16 10 22 11 29 6 12 21 24 8 7 5 23 0 
16 23 20 10 24 25 4 26 9 21 6 2 29 22 13 15 12 14 8 17 5 11 19 1 7 3 28 0 18 27 
5 10 18 15 22 24 1 0 26 12 21 7 4 16 20 25 6 11 14 23 2 17 13 27 19 9 8 29 28 3 
13 8 19 28 29 25 27 3 22 4 0 2 1 10 20 24 7 16 17 11 12 6 23 21 15 5 9 18 14 26 
4 0 20 23 3 13 19 2 27 18 28 29 22 8 5 10 24 9 15 16 12 7 6 14 26 17 21 25 11 1 
26 5 4 7 11 9 18 17 24 1 22 16 12 13 25 2 20 21 0 23 14 15 6 19 3 28 10 8 27 29 
9 12 5 24 16 14 21 18 15 27 29 0 4 13 19 10 6 3 22 17 8 26 2 25 7 1 20 11 23 28 
13 21 29 18 14 15 27 8 0 20 11 25 3 26 12 23 6 24 4 1 28 9 22 10 2 5 19 16 17 7 
13 15 17 18 11 6 9 29 14 28 10 23 3 27 20 1 0 16 19 22 26 24 8 4 25 7 2 21 12 5 
3 7 12 25 29 27 8 6 9 28 13 2 0 1 17 24 11 21 18 16 14 5 10 22 20 23 19 4 15 26 
12 3 18 24 20 5 2 8 15 22 0 17 25 19 10 11 23 29 14 4 21 6 7 9 28 1 16 13 26 27 
25 23 11 6 12 18 2 3 21 17 27 1 29 5 26 15 7 20 8 16 28 24 4 14 22 13 10 9 0 19 
13 5 16 19 28 14 20 15 25 9 22 6 1 11 23 8 29 2 26 12 24 7 10 17 4 21 27 18 0 3 
14 12 22 17 6 24 10 28 26 1 9 25 0 4 29 5 16 2 3 20 11 8 7 21 15 13 19 27 18 23 
9 8 16 24 23 27 11 21 12 5 10 22 26 13 18 1 0 2 15 14 6 20 28 7 4 17 29 25 19 3 
19 3 8 23 5 13 6 20 4 27 15 9 18 2 0 12 1 21 10 16 26 11 14 29 7 25 22 24 17 28 
15 25 29 19 3 0 16 20 9 4 5 13 12 22 24 23 28 2 7 14 10 18 17 8 27 21 6 26 11 1 
24 5 21 23 8 11 16 12 27 15 0 13 19 6 14 10 7 22 17 2 26 1 9 20 29 3 18 25 4 28 
8 6 9 21 19 25 5 7 29 15 3 12 16 22 18 0 26 10 23 1 2 24 14 4 11 20 28 17 13 27 
23 14 11 18 24 17 19 29 8 26 25 28 0 1 12 13 3 10 4 20 6 2 16 9 15 21 27 5 7 22 
27 9 21 29 16 23 10 7 17 26 15 11 18 12 1 6 22 28 13 0 4 24 20 8 19 2 5 14 3 25 
3 11 25 4 6 28 29 24 15 21 2 22 12 1 10 18 17 19 27 0 8 16 26 5 9 13 14 20 7 23 
15 23 14 16 18 29 22 21 17 9 6 12 20 24 11 3 13 28 8 10 7 19 5 2 27 26 1 0 25 4 
24 10 12 1 17 18 0 27 13 28 25 9 21 22 26 3 5 29 14 19 2 11 16 8 6 20 4 15 23 7 
7 9 14 17 19 22 0 18 15 10 20 4 13 21 2 12 23 5 8 16 27 24 11 25 3 29 6 26 28 1 
25 0 21 14 24 27 9 16 11 20 15 5 12 10 22 13 26 7 17 19 3 2 4 29 6 18 23 8 1 28 
18 4 27 15 25 10 22 14 6 5 3 24 1 2 7 26 0 8 13 20 29 11 19 23 9 17 12 21 16 28 
7 9 20 17 2 1 13 27 15 11 26 28 3 12 8 4 23 0 6 10 18 22 21 16 25 19 24 29 14 5 
9 17 12 2 0 11 27 23 19 25 6 3 13 26 7 14 8 10 29 1 4 21 28 15 16 20 24 18 5 22 
29 8 1 7 16 24 3 28 20 25 2 22 21 4 23 15 0 27 18 17 11 14 19 12 5 9 13 6 10 26 
4 13 27 11 12 17 8 21 25 26 22 16 28 2 18 24 1 10 14 23 6 20 5 7 29 3 9 0 19 15 
1 11 10 14 19 5 23 25 17 27 29 7 2 22 20 15 8 18 9 16 6 4 26 12 21 13 24 3 0 28 
10 23 16 9 8 5 1 25 15 7 20 14 17 2 22 28 11 13 18 24 4 3 21 6 29 27 19 26 0 12 
7 12 4 29 3 24 10 26 23 2 15 27 17 8 28 13 25 14 0 22 1 9 16 21 20 19 18 6 11 5 
12 10 17 13 11 29 9 15 16 8 18 26 7 3 19 28 5 27 22 4 1 24 6 14 2 23 0 25 21 20 
8 2 24 19 28 20 13 10 12 7 22 1 4 26 25 9 17 29 6 0 5 21 3 16 18 23 15 27 14 11 
13 15 0 10 24 14 18 20 16 25 6 26 21 12 17 7 5 8 28 23 4 9 29 22 19 2 1 3 11 27 
9 26 6 18 24 29 19 8 12 15 17 7 4 11 3 22 28 16 27 14 21 0 10 5 1 25 20 13 2 23 
4 6 29 3 1 5 0 21 13 23 28 27 17 14 26 19 24 7 16 2 25 20 10 11 22 8 15 18 12 9 
20 1 8 5 10 6 9 7 28 21 14 25 11 24 15 29 12 26 0 23 22 16 3 13 17 27 2 4 19 18 
20 14 11 27 17 3 25 16 28 26 2 21 13 22 5 0 8 6 23 12 7 29 24 1 10 4 18 19 15 9 
21 2 28 20 15 27 24 1 0 8 5 7 18 26 25 29 16 6 22 17 11 13 10 19 9 3 12 14 23 4 
1 8 20 15 18 19 28 13 16 4 24 29 9 22 23 0 25 14 21 11 6 17 3 5 26 2 12 10 7 27 
1 10 13 5 14 24 15 16 9 0 2 29 22 4 17 20 27 11 21 6 19 8 18 28 25 7 26 23 12 3 
13 25 10 5 29 4 9 3 22 16 8 28 6 19 1 24 23 12 20 7 18 14 11 2 15 26 17 21 27 0 
2 7 28 23 10 15 20 14 29 25 12 18 4 24 19 9 0 5 16 3 21 11 6 8 26 27 13 17 22 1 
