17 9 21 4 32 10 5 31 3 30 33 16 8 34 36 29 13 15 38 20 27 35 37 19 28 26 18 14 11 39 24 6 1 22 12 23 7 2 0 25 
14 19 31 33 2 27 21 6 36 17 26 16 8 22 11 37 3 15 30 25 13 38 34 20 5 18 29 35 39 23 9 28 4 10 7 12 24 32 0 1 
33 5 36 17 27 1 13 37 19 35 14 11 4 25 21 39 7 23 20 22 29 24 8 3 18 9 16 12 26 28 32 0 15 34 2 38 30 10 31 6 
30 35 15 23 21 37 24 25 6 18 11 29 0 5 34 19 17 12 20 3 10 14 8 2 1 26 22 39 9 31 36 38 32 28 13 33 16 27 7 4 
22 1 26 14 13 2 16 0 18 33 4 36 7 30 20 35 29 19 9 38 28 6 15 12 34 37 25 24 27 32 11 21 5 10 8 17 31 39 23 3 
3 2 23 14 16 27 36 10 13 34 0 9 31 39 15 12 30 38 11 20 25 4 32 37 6 24 17 26 5 29 19 22 1 35 7 33 18 8 28 21 
16 23 27 4 1 32 6 25 10 0 17 3 29 9 12 33 19 24 8 15 21 38 28 34 36 2 20 31 37 18 22 7 14 13 5 35 39 11 26 30 
25 4 23 36 29 24 30 12 28 7 19 6 31 0 16 20 1 9 17 15 38 22 11 35 27 5 37 34 18 14 10 8 32 26 21 2 13 39 33 3 
26 18 16 37 22 17 31 10 29 27 5 14 0 19 2 15 7 35 20 1 8 32 13 23 24 21 4 3 9 34 39 28 11 6 36 30 12 25 33 38 
15 35 12 27 4 6 10 5 17 13 9 38 8 18 31 33 26 3 0 21 25 28 20 11 34 29 39 16 22 14 32 36 2 7 1 23 19 24 30 37 
13 30 22 9 28 8 24 38 27 32 6 10 31 11 21 15 35 7 36 29 0 4 1 18 34 19 3 5 39 14 37 33 17 25 26 2 20 16 12 23 
5 3 2 35 8 7 24 31 21 26 30 6 12 1 0 38 13 34 19 29 33 39 9 23 20 22 10 14 28 32 27 18 11 17 4 25 37 36 16 15 
9 39 27 30 36 3 13 11 24 4 10 32 5 34 12 7 26 37 20 1 29 35 25 19 2 18 17 16 22 15 31 8 14 38 21 0 33 28 23 6 
16 2 38 10 31 30 26 3 32 27 20 18 36 0 24 7 39 21 37 11 8 25 29 13 1 19 23 33 4 28 6 15 17 34 35 9 5 12 14 22 
23 29 22 28 39 0 36 18 26 2 12 30 31 35 32 1 9 38 37 21 3 11 20 27 19 5 4 15 13 14 7 33 16 8 17 6 34 10 25 24 
30 0 31 33 23 2 9 15 5 39 25 34 24 21 16 37 20 17 27 14 19 12 29 18 28 10 4 13 32 38 6 3 1 26 22 35 7 11 8 36 
16 1 22 18 32 15 21 36 31 34 28 2 35 3 24 6 25 12 39 13 26 23 8 7 14 30 5 0 11 4 33 9 10 37 29 17 19 38 27 20 
34 3 2 15 4 9 20 8 0 32 29 1 38 10 30 5 36 39 16 35 13 17 7 23 31 37 18 12 11 19 25 27 26 24 6 21 28 14 33 22 
35 26 36 17 15 22 18 23 19 7 10 38 12 39 8 27 3 37 25 5 29 33 2 4 11 1 34 13 28 21 31 9 30 14 24 0 32 20 16 6 
23 19 10 29 38 27 17 3 2 30 16 21 7 22 25 14 12 31 37 5 13 26 34 32 15 1 20 24 6 8 28 39 4 11 35 9 0 18 36 33 
33 21 16 6 17 13 36 4 20 32 10 38 7 18 12 19 35 14 37 11 28 0 29 30 24 15 34 31 1 22 9 5 3 25 2 39 8 23 26 27 
11 27 32 12 34 33 25 14 31 38 0 17 39 6 23 10 35 36 5 8 29 30 4 15 9 16 22 1 21 2 7 13 26 28 20 24 37 3 19 18 
14 27 11 23 32 39 7 25 16 33 22 26 35 5 1 10 3 8 0 34 30 36 4 13 19 2 15 38 37 17 12 24 6 9 18 28 31 21 29 20 
26 7 16 13 20 2 3 25 15 17 30 10 36 29 24 8 6 38 11 31 4 39 18 21 22 35 9 5 37 14 34 28 32 27 19 23 1 33 12 0 
13 36 15 20 32 37 28 35 6 26 10 31 21 2 39 7 14 30 25 22 33 3 27 4 17 12 29 16 1 9 24 0 19 8 34 18 5 38 23 11 
38 22 6 1 16 8 34 36 29 35 26 7 39 31 25 19 21 10 37 13 11 4 33 32 28 30 20 24 3 5 0 14 23 15 17 12 18 27 9 2 
1 36 34 21 6 19 23 38 10 35 30 17 8 7 22 31 29 11 16 24 20 4 33 0 12 25 28 13 5 14 15 2 39 27 37 3 32 9 18 26 
2 33 11 39 10 38 35 31 37 13 36 7 29 24 32 22 17 6 14 16 19 4 8 27 26 23 1 0 9 25 20 30 5 21 28 12 15 34 18 3 
6 33 38 30 31 1 2 13 5 25 9 8 4 12 24 15 29 20 17 3 11 16 18 22 14 23 39 10 32 28 37 27 35 36 7 26 0 21 34 19 
22 7 28 3 23 31 0 24 2 9 6 21 17 15 16 34 12 36 1 29 38 14 19 4 13 5 25 32 33 18 10 27 30 35 8 37 26 11 39 20 
3 4 14 31 9 22 7 38 36 30 23 5 20 0 39 35 27 6 28 26 29 17 33 8 13 15 16 18 37 32 19 34 2 21 10 24 12 25 1 11 
14 25 3 30 32 20 38 29 9 39 33 5 19 2 24 10 36 35 18 26 17 22 0 37 27 4 34 15 11 7 8 31 16 28 12 6 23 21 13 1 
30 1 10 9 36 33 6 12 32 0 38 19 23 8 24 15 27 5 11 2 29 14 16 7 4 13 26 20 17 31 34 25 37 35 39 22 28 18 3 21 
4 27 32 36 37 39 14 6 1 18 5 20 28 24 38 3 26 30 29 25 9 35 10 31 34 23 0 8 15 17 19 33 12 2 7 22 16 11 21 13 
6 7 27 9 11 35 32 16 8 36 30 39 14 26 20 13 17 33 15 3 25 34 24 4 29 28 21 18 38 1 12 37 23 5 0 2 10 22 19 31 
36 34 0 5 38 32 29 6 13 17 31 11 21 19 8 24 4 33 18 10 14 26 2 37 3 35 1 15 39 20 27 23 16 30 9 22 7 25 12 28 
33 14 6 8 2 4 35 23 29 36 10 24 34 26 3 17 21 13 7 18 30 37 39 25 12 1 38 22 20 16 15 28 11 31 32 19 9 27 0 5 
38 5 15 23 24 2 31 20 37 1 0 28 9 30 3 22 17 33 35 32 4 25 36 27 8 39 14 10 12 16 19 13 21 34 6 18 29 7 11 26 
13 7 16 29 3 26 1 35 21 4 6 25 22 32 30 28 15 8 14 23 0 20 11 27 31 37 19 9 36 38 39 2 12 18 10 34 17 24 5 33 
34 35 9 3 23 10 5 14 17 8 21 39 27 33 37 22 29 12 16 20 0 30 2 15 32 13 24 28 25 38 36 7 31 18 1 19 26 11 4 6 
21 31 3 7 24 25 19 14 26 12 15 5 23 36 16 33 39 28 27 1 38 2 11 9 32 10 0 18 17 22 13 20 34 4 37 8 29 6 30 35 
10 36 8 9 24 32 33 11 30 14 4 6 22 27 26 13 1 0 18 20 19 23 17 34 15 35 21 5 2 38 7 29 31 39 37 3 12 28 16 25 
14 36 38 30 31 22 17 4 25 21 19 28 3 29 15 11 27 12 0 39 37 1 13 26 2 35 33 16 7 6 32 5 8 10 18 34 9 24 20 23 
38 9 32 27 29 7 3 36 22 18 5 19 20 24 35 33 30 39 10 0 37 15 6 2 23 14 28 4 13 26 21 8 31 11 1 17 12 25 16 34 
0 33 30 29 26 31 25 4 18 17 23 9 19 34 35 37 22 10 21 16 38 1 27 28 11 8 36 6 32 14 7 5 20 13 12 3 15 39 24 2 
26 20 13 3 15 24 19 8 7 2 28 32 10 37 39 18 21 38 22 25 12 1 33 5 30 35 23 31 4 0 17 29 27 9 36 14 11 16 6 34 
34 3 38 37 16 32 18 35 39 30 5 29 9 1 25 0 12 22 15 8 14 27 23 20 26 7 19 2 4 13 6 36 31 21 17 11 24 33 10 28 
28 4 30 5 29 23 18 14 12 25 11 31 13 8 10 16 17 22 24 36 20 19 6 9 26 35 1 27 2 32 15 39 33 0 34 3 37 38 7 21 
3 10 18 19 28 20 22 24 7 2 8 21 6 38 37 39 26 27 33 30 34 32 17 15 35 0 23 12 9 31 25 4 1 16 36 11 14 29 13 5 
21 14 20 4 10 39 8 1 26 15 7 25 32 5 9 36 35 31 28 19 3 30 37 23 13 16 29 34 12 2 17 33 0 22 27 24 38 6 11 18 
32 24 27 33 21 28 36 30 11 13 2 1 39 4 35 16 19 18 37 10 8 38 15 7 31 14 22 12 3 0 6 23 17 25 5 26 29 20 34 9 
6 39 24 11 5 18 32 20 26 16 9 34 23 4 1 2 37 19 15 14 38 13 3 36 33 17 22 25 28 12 27 10 30 35 21 29 31 8 0 7 
36 39 34 27 8 9 29 23 15 0 7 2 25 5 20 33 37 21 35 17 11 14 12 24 4 26 38 31 6 32 1 3 13 16 10 19 30 28 18 22 
39 33 0 4 15 18 7 35 32 8 29 5 11 37 26 9 21 22 24 31 1 17 14 16 28 2 19 27 30 12 13 3 34 36 10 25 6 38 23 20 
26 29 12 14 35 36 27 39 16 9 33 24 23 17 4 19 15 5 8 6 2 30 10 18 34 13 3 38 22 31 25 21 37 7 0 32 20 28 1 11 
25 29 17 36 22 31 6 11 0 2 33 13 1 12 15 28 20 24 3 16 26 37 39 35 23 32 21 38 8 30 14 34 7 18 4 9 27 19 10 5 
36 4 21 10 33 19 22 39 26 29 2 30 12 34 20 37 13 38 15 31 3 8 1 27 28 0 17 6 18 32 9 23 16 7 11 25 35 14 24 5 
13 27 29 31 26 39 9 2 38 33 7 19 18 23 6 28 34 3 16 37 14 21 30 32 22 4 12 20 11 5 35 15 36 17 24 25 8 1 0 10 
7 2 33 19 24 13 20 10 4 11 14 6 8 18 38 15 16 1 22 30 32 39 3 17 29 23 37 9 27 35 36 34 28 12 0 21 31 26 25 5 
28 0 22 17 37 2 13 10 21 23 35 15 39 19 34 24 27 29 33 5 36 11 7 38 30 9 31 8 6 16 26 3 1 4 18 20 12 32 25 14 
7 37 13 9 35 0 24 20 16 18 29 28 34 22 2 5 25 6 39 10 31 38 30 4 17 15 11 23 14 3 32 1 8 26 21 33 27 12 36 19 
26 17 21 0 28 38 12 33 10 4 14 18 5 16 29 8 39 13 15 31 11 9 25 6 23 19 34 32 20 35 36 22 3 1 24 2 27 7 37 30 
29 18 7 37 35 3 25 21 16 13 30 2 20 36 14 39 23 5 4 1 34 28 11 9 17 10 31 27 0 24 12 8 6 26 33 32 15 19 22 38 
6 38 13 7 32 14 20 15 35 25 5 37 29 2 36 4 34 27 21 28 19 23 0 17 39 3 1 22 18 12 10 26 8 11 9 30 16 31 24 33 
38 28 30 0 5 8 36 21 29 32 1 9 15 17 34 14 22 33 31 10 16 3 13 23 11 19 35 18 4 20 12 6 24 2 26 25 37 39 27 7 
21 34 15 32 10 39 25 7 24 5 26 29 37 9 22 27 14 19 6 28 16 3 23 2 13 1 38 33 31 11 4 12 0 20 36 30 8 18 35 17 
12 17 21 5 36 23 16 8 26 10 14 11 4 24 39 31 25 20 18 35 22 29 9 37 2 34 0 7 19 13 28 33 3 27 32 15 30 38 1 6 
38 10 21 30 28 24 36 25 12 27 3 8 11 35 37 18 29 22 7 13 14 4 19 5 6 39 31 34 15 26 20 0 33 17 23 32 16 9 2 1 
3 16 31 32 7 39 23 37 11 2 5 8 24 27 36 18 12 13 29 0 35 20 21 1 26 15 17 25 22 19 30 10 38 9 14 6 34 4 33 28 
16 38 29 20 2 34 21 35 1 37 27 11 36 39 4 12 25 13 17 33 10 15 23 19 32 8 31 24 18 3 28 9 7 5 0 14 6 30 22 26 
31 17 27 39 4 2 26 28 25 36 12 13 16 21 5 38 11 18 30 20 37 0 23 1 33 6 19 14 15 29 35 24 7 3 10 22 9 32 34 8 
14 37 4 15 16 18 30 31 12 5 24 9 13 35 3 34 25 28 10 6 36 27 11 26 17 32 29 22 21 7 23 39 38 33 2 1 8 0 20 19 
38 2 23 28 24 8 36 29 15 34 16 31 10 18 13 39 5 1 27 30 3 9 22 25 6 37 32 33 20 21 19 35 14 0 12 17 11 7 26 4 
9 12 15 38 19 10 28 27 16 29 33 35 32 8 20 4 34 13 22 7 25 18 36 0 1 2 5 3 30 26 14 11 31 17 23 39 6 37 21 24 
21 26 13 6 2 29 36 17 18 20 12 4 37 15 23 33 1 5 19 34 0 38 39 10 30 11 16 22 8 31 27 35 24 14 28 9 7 25 32 3 
5 23 4 12 8 35 15 20 29 6 19 0 18 1 7 9 28 30 34 3 31 25 16 24 37 38 39 26 33 2 14 32 21 17 36 11 22 10 27 13 
30 3 5 27 4 36 31 16 19 33 39 12 35 7 15 21 1 23 0 38 18 20 29 28 10 13 14 6 25 34 8 24 37 26 22 17 2 32 9 11 
28 9 1 6 16 17 25 5 19 35 4 22 26 38 29 36 7 24 2 13 20 10 12 18 37 14 33 0 3 23 15 27 30 32 39 31 34 11 8 21 
17 21 29 11 19 39 20 37 30 5 14 38 36 35 25 2 18 7 8 26 22 6 10 23 24 16 31 27 9 1 0 13 15 33 32 3 12 4 28 34 
31 39 36 26 1 38 28 7 20 13 15 10 16 37 19 29 17 23 27 9 11 0 6 5 4 21 32 30 3 22 18 12 2 8 35 24 14 33 25 34 
22 15 5 2 1 33 16 28 23 20 14 25 32 7 30 29 36 39 17 37 38 34 31 6 19 18 27 12 13 9 10 0 4 3 8 21 35 24 11 26 
8 15 29 3 33 32 35 11 7 24 14 25 39 12 38 23 30 5 20 4 10 9 18 27 21 37 34 2 17 26 19 22 13 0 31 28 16 1 6 36 
39 28 13 7 18 37 31 10 14 9 2 15 6 29 11 32 5 38 30 17 20 25 22 35 36 16 21 26 3 23 19 12 4 33 27 8 0 24 34 1 
39 10 3 35 11 29 19 18 25 4 16 24 31 1 28 33 0 37 38 34 5 30 36 8 26 2 20 22 21 23 7 27 32 17 13 12 14 9 6 15 
15 24 9 23 31 35 7 39 33 10 21 14 11 32 2 29 26 20 1 4 38 8 3 6 17 19 36 30 13 34 12 28 16 18 25 22 5 27 0 37 
7 36 37 15 39 16 34 33 10 20 6 17 11 38 26 0 35 8 30 9 32 3 21 4 2 5 24 22 12 28 25 14 19 23 1 13 31 29 27 18 
4 13 25 32 14 27 3 33 8 6 34 20 36 1 16 2 21 18 26 9 29 24 12 38 5 39 17 11 30 19 35 22 7 0 37 10 15 28 31 23 
9 5 2 32 22 3 27 34 38 26 13 37 15 33 30 1 6 23 35 18 12 28 0 4 39 17 31 29 8 25 36 11 14 19 21 7 20 24 10 16 
19 1 33 26 29 37 15 34 32 7 31 20 8 27 16 4 22 18 0 38 23 5 6 21 11 39 9 13 10 30 3 36 35 17 25 12 2 14 24 28 
32 18 25 38 9 15 16 21 29 20 30 12 24 19 14 22 27 37 33 11 5 31 7 3 35 10 28 26 34 1 6 2 36 17 4 39 13 23 0 8 
27 37 3 0 18 33 39 31 13 22 4 11 12 17 1 6 28 32 5 8 38 34 30 20 25 29 19 24 9 36 23 15 21 35 14 2 16 10 26 7 
2 15 22 32 10 19 36 23 29 21 13 12 26 11 37 39 35 1 30 17 24 28 5 7 0 4 31 20 34 9 27 38 14 8 18 25 33 16 6 3 
6 11 3 31 25 27 28 35 12 15 0 5 21 17 34 19 7 18 4 29 24 2 33 8 20 30 38 26 9 13 1 10 36 14 37 39 23 16 32 22 
22 23 36 30 9 19 0 14 33 29 3 35 15 17 39 27 20 2 10 12 16 32 4 25 8 11 26 38 21 18 28 1 31 24 5 34 6 37 7 13 
31 34 38 21 20 11 15 10 0 13 35 17 18 28 2 4 23 8 1 33 7 16 24 39 12 37 26 25 14 19 32 36 22 3 9 27 30 29 6 5 
21 35 19 6 15 32 29 36 13 22 24 11 17 3 1 10 33 7 23 8 14 31 28 12 0 25 4 9 39 2 18 38 5 34 16 30 27 20 26 37 
9 3 1 4 23 21 26 25 22 0 7 13 12 29 18 19 14 39 20 16 32 33 17 34 36 30 10 31 8 6 35 5 28 15 38 37 2 24 27 11 
27 10 8 0 14 17 20 24 19 6 2 32 38 30 25 35 1 23 7 28 13 4 5 37 34 15 11 9 21 3 26 12 29 18 36 39 33 22 31 16 
3 37 15 22 32 4 30 20 1 18 33 26 5 7 25 0 11 2 24 8 19 21 6 9 10 31 28 13 35 27 12 14 16 39 38 23 29 17 34 36 
24 6 23 14 3 12 27 37 35 17 15 16 5 39 34 11 28 29 18 36 13 38 30 33 10 2 7 20 26 32 4 25 1 0 21 8 9 19 31 22 
19 31 34 29 15 22 0 16 35 8 37 21 28 23 2 24 9 10 5 1 20 3 14 38 18 25 36 13 11 17 4 27 39 6 32 30 12 33 26 7 
35 7 23 12 10 34 36 37 22 8 9 29 1 30 6 4 15 18 28 31 11 32 39 20 26 3 2 24 5 21 33 16 14 25 27 17 19 0 38 13 
12 28 25 2 0 9 6 23 8 11 37 26 35 19 7 20 31 17 36 1 39 13 3 24 15 5 21 32 30 22 33 4 29 18 10 38 16 14 27 34 
3 29 7 28 26 8 34 5 4 30 36 1 15 25 23 10 17 33 38 22 27 35 20 13 12 37 19 16 2 24 18 6 32 0 9 11 21 14 31 39 
7 11 35 20 31 5 39 0 33 17 18 23 9 12 38 26 4 13 10 22 29 34 1 32 14 16 28 25 6 21 24 2 30 27 36 3 37 15 19 8 
33 9 34 22 35 19 2 5 21 7 32 6 17 29 24 26 4 12 0 13 3 39 18 25 10 30 27 31 16 1 8 28 38 23 11 15 36 20 37 14 
4 15 7 17 16 13 5 18 20 28 27 39 24 3 9 6 22 34 1 8 35 19 31 10 0 30 38 21 23 2 36 11 12 25 37 29 26 14 33 32 
5 11 8 26 37 30 39 13 14 20 1 0 35 29 2 28 3 36 4 38 34 6 27 22 24 23 31 33 32 12 19 16 17 10 21 7 15 18 9 25 
9 14 17 21 26 25 3 38 18 37 10 32 24 6 5 7 31 12 34 39 11 20 28 33 4 8 36 35 15 29 2 27 0 16 23 22 13 30 1 19 
10 28 13 20 3 24 22 6 33 15 35 38 21 8 26 23 36 30 25 34 2 9 29 18 39 1 27 16 7 14 12 17 11 0 19 37 4 31 5 32 
20 8 32 39 12 15 24 21 19 36 0 1 13 7 18 30 2 25 16 23 11 22 28 14 3 9 29 38 34 6 31 33 26 27 10 5 37 17 4 35 
29 20 25 3 13 33 1 22 38 15 11 8 10 16 7 5 23 0 34 2 26 14 17 37 12 18 32 28 19 9 21 30 4 36 31 39 35 27 6 24 
21 15 2 6 38 26 12 36 25 29 28 31 27 20 35 1 4 5 16 17 33 34 22 32 11 0 9 39 7 13 14 8 10 19 18 3 23 30 37 24 
39 35 18 9 33 10 21 14 37 16 4 1 30 36 3 19 6 32 8 28 22 29 11 7 31 23 38 17 34 12 26 20 5 25 15 24 2 0 13 27 
32 2 9 24 12 38 21 5 37 23 31 26 19 35 17 16 27 25 8 20 3 1 15 11 18 29 14 10 6 22 28 34 39 30 13 33 7 0 4 36 
35 16 29 33 2 36 0 13 21 10 9 1 32 7 14 27 20 26 28 23 3 39 24 34 4 19 22 11 8 18 12 6 17 25 31 15 30 5 38 37 
35 8 33 4 11 14 12 19 18 39 25 6 1 5 13 21 9 20 23 22 32 36 15 30 29 2 38 26 0 27 31 37 16 7 17 10 28 34 24 3 
19 24 8 21 17 30 1 10 2 5 6 34 15 31 35 22 16 20 36 33 14 4 38 39 12 28 0 29 32 3 9 37 11 7 13 18 27 26 25 23 
4 15 11 6 2 13 8 20 32 25 31 22 9 5 28 29 17 19 3 38 21 10 37 33 27 30 14 34 0 12 24 35 36 23 18 39 26 16 7 1 
32 10 35 9 27 12 15 36 13 14 20 39 29 5 23 18 0 25 31 1 16 6 26 3 34 38 19 22 4 28 21 11 17 8 30 24 7 37 2 33 
